{
    "hla_a": {
        "hla_a_01_01": {
            "methods": {
                "colabfold": {
                    "aligned_filepath": "predictions/class_i/aligned/colabfold/hla_a/hla_a_01_01_col/hla_a_01_01_col.pdb",
                    "alignment": {
                        "alignment_length": 368,
                        "rmsd": 1.0592694196628292,
                        "rotation_matrix": [
                            -0.7672523734406187,
                            -0.6030523575574762,
                            0.2182925777348087,
                            -45.5657798932946,
                            0.28485057363375277,
                            -0.6253782381211191,
                            -0.7264724426879847,
                            41.615086929629705,
                            0.5746163469222393,
                            -0.4952069399038092,
                            0.6516027474779752,
                            60.862934858902626,
                            -0.05049730165173057,
                            -0.13498645040976104,
                            -0.2526331402148786,
                            1.0
                        ]
                    },
                    "ground_truth": "hla_a_01_01_4nqx.pdb",
                    "prediction": "hla_a_01_01_col.pdb"
                },
                "esmfold": {
                    "aligned_filepath": "predictions/class_i/aligned/esmfold/hla_a/hla_a_01_01_esm/hla_a_01_01_esm.pdb",
                    "alignment": {
                        "alignment_length": 368,
                        "rmsd": 0.7634400058653638,
                        "rotation_matrix": [
                            0.18258181553046615,
                            0.37330145049802255,
                            -0.909565779750795,
                            -45.5657798932946,
                            -0.7647391678594826,
                            -0.5275102877717938,
                            -0.37000932614801124,
                            41.615086929629705,
                            -0.6179303243725665,
                            0.7631375520513927,
                            0.18916445456222325,
                            60.862934858902626,
                            -0.29410054548308184,
                            0.06719024374109256,
                            0.11221742038817858,
                            1.0
                        ]
                    },
                    "ground_truth": "hla_a_01_01_4nqx.pdb",
                    "prediction": "hla_a_01_01_esm.pdb"
                },
                "omegafold": {
                    "aligned_filepath": "predictions/class_i/aligned/omegafold/hla_a/hla_a_01_01_omg/hla_a_01_01_omg.pdb",
                    "alignment": {
                        "alignment_length": 368,
                        "rmsd": 1.0433513745615717,
                        "rotation_matrix": [
                            0.34333523782530684,
                            0.01817597813805988,
                            0.939037032435976,
                            -45.5657798932946,
                            -0.8422114763621946,
                            -0.4365562768252951,
                            0.3163833849118005,
                            41.615086929629705,
                            0.41569308816872597,
                            -0.8994933301493458,
                            -0.13457713574596097,
                            60.862934858902626,
                            0.09740761033533177,
                            -0.7231711754170465,
                            -0.3008369409033775,
                            1.0
                        ]
                    },
                    "ground_truth": "hla_a_01_01_4nqx.pdb",
                    "prediction": "hla_a_01_01_omg.pdb"
                }
            },
            "pdb_code": "4nqx"
        },
        "hla_a_02_01": {
            "methods": {
                "colabfold": {
                    "aligned_filepath": "predictions/class_i/aligned/colabfold/hla_a/hla_a_02_01_col/hla_a_02_01_col.pdb",
                    "alignment": {
                        "alignment_length": 368,
                        "rmsd": 1.278635621187013,
                        "rotation_matrix": [
                            0.7948273631432803,
                            0.33584560889191933,
                            0.5054277295387706,
                            -46.142184817272714,
                            -0.4330916934712935,
                            0.8973517351289942,
                            0.08480240861644406,
                            41.685926547192935,
                            -0.4250659335266326,
                            -0.28629982614210425,
                            0.8586916569445248,
                            60.51590765040854,
                            -0.5705489026706496,
                            0.5608124743904126,
                            -0.01794022076723044,
                            1.0
                        ]
                    },
                    "ground_truth": "hla_a_02_01_1hhk.pdb",
                    "prediction": "hla_a_02_01_col.pdb"
                },
                "esmfold": {
                    "aligned_filepath": "predictions/class_i/aligned/esmfold/hla_a/hla_a_02_01_esm/hla_a_02_01_esm.pdb",
                    "alignment": {
                        "alignment_length": 368,
                        "rmsd": 0.7796075039930132,
                        "rotation_matrix": [
                            -0.31801528651087385,
                            0.6267056583802394,
                            -0.711411481000691,
                            -46.142184817272714,
                            -0.6022398095793241,
                            -0.7130655675076685,
                            -0.3589494507487455,
                            41.685926547192935,
                            -0.7322386832879468,
                            0.3142889024276181,
                            0.6041928471171907,
                            60.51590765040854,
                            -0.19475000428602796,
                            -0.1493233741139616,
                            -0.08314129410554444,
                            1.0
                        ]
                    },
                    "ground_truth": "hla_a_02_01_1hhk.pdb",
                    "prediction": "hla_a_02_01_esm.pdb"
                },
                "omegafold": {
                    "aligned_filepath": "predictions/class_i/aligned/omegafold/hla_a/hla_a_02_01_omg/hla_a_02_01_omg.pdb",
                    "alignment": {
                        "alignment_length": 368,
                        "rmsd": 1.2362491422332385,
                        "rotation_matrix": [
                            0.11270918198476848,
                            -0.08155258117728326,
                            0.9902756266816056,
                            -46.142184817272714,
                            -0.1900071864135365,
                            0.9764655029165041,
                            0.10204112271643484,
                            41.685926547192935,
                            -0.9752917047773633,
                            -0.19966045706985008,
                            0.09456105157580746,
                            60.51590765040854,
                            -0.7451549077067372,
                            -0.7569538305068122,
                            0.3711929168835599,
                            1.0
                        ]
                    },
                    "ground_truth": "hla_a_02_01_1hhk.pdb",
                    "prediction": "hla_a_02_01_omg.pdb"
                }
            },
            "pdb_code": "1hhk"
        },
        "hla_a_02_03": {
            "methods": {
                "colabfold": {
                    "aligned_filepath": "predictions/class_i/aligned/colabfold/hla_a/hla_a_02_03_col/hla_a_02_03_col.pdb",
                    "alignment": {
                        "alignment_length": 368,
                        "rmsd": 1.1141092770838685,
                        "rotation_matrix": [
                            0.8050638888272907,
                            0.3180726283393195,
                            0.5007014459811322,
                            -45.81246460002402,
                            -0.43201373122494324,
                            0.8928149075784666,
                            0.12745852987837397,
                            41.84988308924699,
                            -0.4064926456153691,
                            -0.31892215963612647,
                            0.8561847844674926,
                            60.9315463770991,
                            -0.39833697508109434,
                            0.42655434192199004,
                            -0.09224727801958249,
                            1.0
                        ]
                    },
                    "ground_truth": "hla_a_02_03_3ox8.pdb",
                    "prediction": "hla_a_02_03_col.pdb"
                },
                "esmfold": {
                    "aligned_filepath": "predictions/class_i/aligned/esmfold/hla_a/hla_a_02_03_esm/hla_a_02_03_esm.pdb",
                    "alignment": {
                        "alignment_length": 368,
                        "rmsd": 0.6686295758813592,
                        "rotation_matrix": [
                            -0.2164254406437463,
                            0.6344685752753553,
                            -0.7420307646116979,
                            -45.789062427437834,
                            -0.6901564338263297,
                            -0.6370075328064684,
                            -0.34337370312232496,
                            41.78781787662405,
                            -0.6905390108388395,
                            0.4378025012901102,
                            0.5757472052679371,
                            60.859220276708214,
                            -0.1641223156753843,
                            -0.22643478301293046,
                            -0.05244565145720151,
                            1.0
                        ]
                    },
                    "ground_truth": "hla_a_02_03_3ox8.pdb",
                    "prediction": "hla_a_02_03_esm.pdb"
                },
                "omegafold": {
                    "aligned_filepath": "predictions/class_i/aligned/omegafold/hla_a/hla_a_02_03_omg/hla_a_02_03_omg.pdb",
                    "alignment": {
                        "alignment_length": 368,
                        "rmsd": 1.1441762774675162,
                        "rotation_matrix": [
                            0.015006195930546806,
                            0.5982541303707849,
                            -0.8011659064001602,
                            -45.789062427437834,
                            0.9987022830222734,
                            -0.04796772800587696,
                            -0.01711277172328146,
                            41.78781787662405,
                            -0.04866789465133042,
                            -0.7998694221960547,
                            -0.598197578953607,
                            60.859220276708214,
                            1.486040704934252,
                            1.3740869321171985,
                            0.2272826009834919,
                            1.0
                        ]
                    },
                    "ground_truth": "hla_a_02_03_3ox8.pdb",
                    "prediction": "hla_a_02_03_omg.pdb"
                }
            },
            "pdb_code": "3ox8"
        },
        "hla_a_02_06": {
            "methods": {
                "colabfold": {
                    "aligned_filepath": "predictions/class_i/aligned/colabfold/hla_a/hla_a_02_06_col/hla_a_02_06_col.pdb",
                    "alignment": {
                        "alignment_length": 368,
                        "rmsd": 1.0901332750727035,
                        "rotation_matrix": [
                            0.8038986742359704,
                            0.3282253807646408,
                            0.4959990130872809,
                            -45.895402115324266,
                            -0.43650812347133267,
                            0.8920372844516984,
                            0.11717568558184444,
                            41.67710599886335,
                            -0.4039895787086416,
                            -0.31070497673829767,
                            0.8603806353730127,
                            61.02569567638893,
                            -0.6240842397446222,
                            0.5007445549942865,
                            -0.03786411962431302,
                            1.0
                        ]
                    },
                    "ground_truth": "hla_a_02_06_3oxr.pdb",
                    "prediction": "hla_a_02_06_col.pdb"
                },
                "esmfold": {
                    "aligned_filepath": "predictions/class_i/aligned/esmfold/hla_a/hla_a_02_06_esm/hla_a_02_06_esm.pdb",
                    "alignment": {
                        "alignment_length": 368,
                        "rmsd": 0.6690547510220701,
                        "rotation_matrix": [
                            -0.29751691744471914,
                            0.6300508463881659,
                            -0.7173002264043618,
                            -45.895402115324266,
                            -0.6390664806501409,
                            -0.6896009514116295,
                            -0.34065313901624084,
                            41.67710599886335,
                            -0.7092797171381933,
                            0.35705245941980546,
                            0.6078123263628613,
                            61.02569567638893,
                            -0.297217372885867,
                            -0.248062495162467,
                            -0.13157334749627478,
                            1.0
                        ]
                    },
                    "ground_truth": "hla_a_02_06_3oxr.pdb",
                    "prediction": "hla_a_02_06_esm.pdb"
                },
                "omegafold": {
                    "aligned_filepath": "predictions/class_i/aligned/omegafold/hla_a/hla_a_02_06_omg/hla_a_02_06_omg.pdb",
                    "alignment": {
                        "alignment_length": 368,
                        "rmsd": 1.0708315592818245,
                        "rotation_matrix": [
                            0.05594139098432516,
                            -0.09777214343420815,
                            0.993635329858505,
                            -45.910078748412765,
                            -0.290972833683726,
                            0.9503983043153206,
                            0.10989937767170008,
                            41.75264132217221,
                            -0.9550944303223649,
                            -0.2952688116324594,
                            0.024717565502159478,
                            61.08180980060409,
                            -0.7120461928678443,
                            -0.5656195755379902,
                            0.40942935406675945,
                            1.0
                        ]
                    },
                    "ground_truth": "hla_a_02_06_3oxr.pdb",
                    "prediction": "hla_a_02_06_omg.pdb"
                }
            },
            "pdb_code": "3oxr"
        },
        "hla_a_02_07": {
            "methods": {
                "colabfold": {
                    "aligned_filepath": "predictions/class_i/aligned/colabfold/hla_a/hla_a_02_07_col/hla_a_02_07_col.pdb",
                    "alignment": {
                        "alignment_length": 368,
                        "rmsd": 1.0896838614231095,
                        "rotation_matrix": [
                            -0.5626567768260399,
                            -0.8005377058439629,
                            0.20629283316154412,
                            -45.6017418581507,
                            0.45088845860709637,
                            -0.5063290356782443,
                            -0.7350717689614102,
                            41.71518744528291,
                            0.692904718837049,
                            -0.3205780546937426,
                            0.6458426754730027,
                            60.93060058096184,
                            0.18869564947469836,
                            0.09745111061341513,
                            -0.34094836320044697,
                            1.0
                        ]
                    },
                    "ground_truth": "hla_a_02_07_3oxs.pdb",
                    "prediction": "hla_a_02_07_col.pdb"
                },
                "esmfold": {
                    "aligned_filepath": "predictions/class_i/aligned/esmfold/hla_a/hla_a_02_07_esm/hla_a_02_07_esm.pdb",
                    "alignment": {
                        "alignment_length": 368,
                        "rmsd": 0.7008095498136389,
                        "rotation_matrix": [
                            -0.29183493706499725,
                            0.6402604584121395,
                            -0.7105623933914222,
                            -45.6017418581507,
                            -0.6525041932135234,
                            -0.6764544353193593,
                            -0.3415372231185575,
                            41.71518744528291,
                            -0.6993358616194638,
                            0.36397244721358213,
                            0.6151856714214973,
                            60.93060058096184,
                            -0.28132880900755175,
                            -0.23222554571491305,
                            0.050326078653754575,
                            1.0
                        ]
                    },
                    "ground_truth": "hla_a_02_07_3oxs.pdb",
                    "prediction": "hla_a_02_07_esm.pdb"
                },
                "omegafold": {
                    "aligned_filepath": "predictions/class_i/aligned/omegafold/hla_a/hla_a_02_07_omg/hla_a_02_07_omg.pdb",
                    "alignment": {
                        "alignment_length": 368,
                        "rmsd": 1.0899481772965096,
                        "rotation_matrix": [
                            -0.032543707745896266,
                            0.3737610685525718,
                            0.9269539204947508,
                            -45.61868479459188,
                            -0.14621198463816526,
                            0.915687213927724,
                            -0.37435141484633316,
                            41.790029836089694,
                            -0.988717837724352,
                            -0.14771455542268752,
                            0.024848490536835022,
                            60.98749731934592,
                            -0.43371466237864026,
                            -0.47299187469457515,
                            0.09828531850412756,
                            1.0
                        ]
                    },
                    "ground_truth": "hla_a_02_07_3oxs.pdb",
                    "prediction": "hla_a_02_07_omg.pdb"
                }
            },
            "pdb_code": "3oxs"
        },
        "hla_a_03_01": {
            "methods": {
                "colabfold": {
                    "aligned_filepath": "predictions/class_i/aligned/colabfold/hla_a/hla_a_03_01_col/hla_a_03_01_col.pdb",
                    "alignment": {
                        "alignment_length": 368,
                        "rmsd": 1.6753945028755792,
                        "rotation_matrix": [
                            0.8119313439234443,
                            0.24840178744050373,
                            0.5282651273281556,
                            -44.95876360976178,
                            -0.33385870943912876,
                            0.9399336176488654,
                            0.0711558609332752,
                            41.79646463886548,
                            -0.4788589091645987,
                            -0.23413958744705923,
                            0.8460926655537275,
                            60.610187551249716,
                            -0.5937500153263315,
                            0.5694647124239646,
                            0.021652186836072788,
                            1.0
                        ]
                    },
                    "ground_truth": "hla_a_03_01_7l1c.pdb",
                    "prediction": "hla_a_03_01_col.pdb"
                },
                "esmfold": {
                    "aligned_filepath": "predictions/class_i/aligned/esmfold/hla_a/hla_a_03_01_esm/hla_a_03_01_esm.pdb",
                    "alignment": {
                        "alignment_length": 368,
                        "rmsd": 1.201918896343542,
                        "rotation_matrix": [
                            -0.01758858346664338,
                            0.5953588025071391,
                            -0.8032674137601387,
                            -44.95876360976178,
                            -0.6809470510171262,
                            -0.5954040120778537,
                            -0.42638618189696814,
                            41.79646463886548,
                            -0.7321214075839579,
                            0.5394830476288015,
                            0.41588013402713,
                            60.610187551249716,
                            -0.20717663682349374,
                            0.06656250298914057,
                            0.11777446323843303,
                            1.0
                        ]
                    },
                    "ground_truth": "hla_a_03_01_7l1c.pdb",
                    "prediction": "hla_a_03_01_esm.pdb"
                },
                "omegafold": {
                    "aligned_filepath": "predictions/class_i/aligned/omegafold/hla_a/hla_a_03_01_omg/hla_a_03_01_omg.pdb",
                    "alignment": {
                        "alignment_length": 368,
                        "rmsd": 1.6628583871113425,
                        "rotation_matrix": [
                            0.2633720119361511,
                            0.35548928605962493,
                            0.8968068637256976,
                            -44.95876360976178,
                            -0.34404986775917346,
                            -0.8338840324821652,
                            0.43158673388576085,
                            41.79646463886548,
                            0.9012573837831228,
                            -0.42221414929879036,
                            -0.09731567349764153,
                            60.610187551249716,
                            0.4823179287916939,
                            -0.4848885786841064,
                            -0.08660598826068691,
                            1.0
                        ]
                    },
                    "ground_truth": "hla_a_03_01_7l1c.pdb",
                    "prediction": "hla_a_03_01_omg.pdb"
                }
            },
            "pdb_code": "7l1c"
        },
        "hla_a_11_01": {
            "methods": {
                "colabfold": {
                    "aligned_filepath": "predictions/class_i/aligned/colabfold/hla_a/hla_a_11_01_col/hla_a_11_01_col.pdb",
                    "alignment": {
                        "alignment_length": 368,
                        "rmsd": 1.2138138155382194,
                        "rotation_matrix": [
                            0.8672839016593029,
                            0.41176139456784266,
                            0.2797698837726491,
                            -46.028021636216536,
                            -0.4508716528772878,
                            0.8879568323015543,
                            0.09081528836430458,
                            41.7072229294673,
                            -0.21102934998316858,
                            -0.20490294754476968,
                            0.9557622065833876,
                            60.02821729494175,
                            -0.4982228250161798,
                            0.5283885814816384,
                            0.17580164211761837,
                            1.0
                        ]
                    },
                    "ground_truth": "hla_a_11_01_6joz.pdb",
                    "prediction": "hla_a_11_01_col.pdb"
                },
                "esmfold": {
                    "aligned_filepath": "predictions/class_i/aligned/esmfold/hla_a/hla_a_11_01_esm/hla_a_11_01_esm.pdb",
                    "alignment": {
                        "alignment_length": 368,
                        "rmsd": 0.9643906925537421,
                        "rotation_matrix": [
                            0.04902648769523925,
                            0.4392570152671249,
                            -0.8970226742077848,
                            -46.028021636216536,
                            -0.6680396498756471,
                            -0.6532310139893094,
                            -0.35638780640830214,
                            41.7072229294673,
                            -0.742508875164662,
                            0.6167191556138956,
                            0.2614154804149763,
                            60.02821729494175,
                            -0.32321741546342286,
                            0.1398668399728521,
                            0.1405788127778355,
                            1.0
                        ]
                    },
                    "ground_truth": "hla_a_11_01_6joz.pdb",
                    "prediction": "hla_a_11_01_esm.pdb"
                },
                "omegafold": {
                    "aligned_filepath": "predictions/class_i/aligned/omegafold/hla_a/hla_a_11_01_omg/hla_a_11_01_omg.pdb",
                    "alignment": {
                        "alignment_length": 368,
                        "rmsd": 1.3879135523895723,
                        "rotation_matrix": [
                            0.3043906354497399,
                            0.36004378733697195,
                            0.881881404867204,
                            -46.028021636216536,
                            -0.49381301202511807,
                            -0.7320461420109706,
                            0.46931562420351447,
                            41.7072229294673,
                            0.8145520549388999,
                            -0.5783397938642156,
                            -0.04503368325944876,
                            60.02821729494175,
                            0.6003559572905613,
                            -0.22249186039477475,
                            0.11223640798023993,
                            1.0
                        ]
                    },
                    "ground_truth": "hla_a_11_01_6joz.pdb",
                    "prediction": "hla_a_11_01_omg.pdb"
                }
            },
            "pdb_code": "6joz"
        },
        "hla_a_24_02": {
            "methods": {
                "colabfold": {
                    "aligned_filepath": "predictions/class_i/aligned/colabfold/hla_a/hla_a_24_02_col/hla_a_24_02_col.pdb",
                    "alignment": {
                        "alignment_length": 368,
                        "rmsd": 1.2048756457907406,
                        "rotation_matrix": [
                            0.8251893047598096,
                            0.28863548490520025,
                            0.4855431681772092,
                            -45.63581518504934,
                            -0.39113972440153844,
                            0.9121396362110342,
                            0.1225193864165603,
                            41.5626304632296,
                            -0.4075197262772814,
                            -0.29101690828256344,
                            0.8655846762671735,
                            61.183581414430044,
                            -0.5961331711454395,
                            0.4715299016755546,
                            0.08026901446536051,
                            1.0
                        ]
                    },
                    "ground_truth": "hla_a_24_02_6xqa.pdb",
                    "prediction": "hla_a_24_02_col.pdb"
                },
                "esmfold": {
                    "aligned_filepath": "predictions/class_i/aligned/esmfold/hla_a/hla_a_24_02_esm/hla_a_24_02_esm.pdb",
                    "alignment": {
                        "alignment_length": 368,
                        "rmsd": 0.6818146688640174,
                        "rotation_matrix": [
                            -0.010949491469953998,
                            0.5704143346967194,
                            -0.8212841136957718,
                            -45.63581518504934,
                            -0.7179621672309092,
                            -0.5761637468245591,
                            -0.39059654794964893,
                            41.5626304632296,
                            -0.695996002187977,
                            0.5853740886113639,
                            0.4158446119895861,
                            61.183581414430044,
                            -0.08846194608865884,
                            0.07542390052897344,
                            0.6267228416248204,
                            1.0
                        ]
                    },
                    "ground_truth": "hla_a_24_02_6xqa.pdb",
                    "prediction": "hla_a_24_02_esm.pdb"
                },
                "omegafold": {
                    "aligned_filepath": "predictions/class_i/aligned/omegafold/hla_a/hla_a_24_02_omg/hla_a_24_02_omg.pdb",
                    "alignment": {
                        "alignment_length": 368,
                        "rmsd": 1.0091285960792014,
                        "rotation_matrix": [
                            0.04334747879987144,
                            0.3058247915288318,
                            0.9511005167531144,
                            -45.63581518504934,
                            -0.5724415400966423,
                            -0.7726231373594111,
                            0.27452535545680434,
                            41.5626304632296,
                            0.8187989247999043,
                            -0.5563494266225563,
                            0.1415755495955215,
                            61.183581414430044,
                            0.2588559792721239,
                            -0.6272608491078985,
                            -0.14422557076803652,
                            1.0
                        ]
                    },
                    "ground_truth": "hla_a_24_02_6xqa.pdb",
                    "prediction": "hla_a_24_02_omg.pdb"
                }
            },
            "pdb_code": "6xqa"
        },
        "hla_a_30_01": {
            "methods": {
                "colabfold": {
                    "aligned_filepath": "predictions/class_i/aligned/colabfold/hla_a/hla_a_30_01_col/hla_a_30_01_col.pdb",
                    "alignment": {
                        "alignment_length": 368,
                        "rmsd": 2.126998598158457,
                        "rotation_matrix": [
                            0.8281547836389245,
                            0.2646761307865848,
                            0.4940710476518637,
                            -45.63397013622783,
                            -0.3651322949074158,
                            0.9235379858798496,
                            0.11728595761059868,
                            41.70855172140443,
                            -0.4252505867739768,
                            -0.2775322223253254,
                            0.8614742039199754,
                            61.114921258843445,
                            -0.6474075980545219,
                            0.6006549231950982,
                            0.11678259098983469,
                            1.0
                        ]
                    },
                    "ground_truth": "hla_a_30_01_6j1w.pdb",
                    "prediction": "hla_a_30_01_col.pdb"
                },
                "esmfold": {
                    "aligned_filepath": "predictions/class_i/aligned/esmfold/hla_a/hla_a_30_01_esm/hla_a_30_01_esm.pdb",
                    "alignment": {
                        "alignment_length": 368,
                        "rmsd": 2.0164841630632497,
                        "rotation_matrix": [
                            -0.045032789757474656,
                            0.43220792039871775,
                            -0.9006488557652617,
                            -45.63397013622783,
                            -0.6889232816155093,
                            -0.6663201522666466,
                            -0.2853106495234101,
                            41.70855172140443,
                            -0.7234340052104109,
                            0.6076296308015015,
                            0.3277643541894919,
                            61.114921258843445,
                            -0.29444292657400883,
                            0.05600000480595039,
                            0.24361412322816803,
                            1.0
                        ]
                    },
                    "ground_truth": "hla_a_30_01_6j1w.pdb",
                    "prediction": "hla_a_30_01_esm.pdb"
                },
                "omegafold": {
                    "aligned_filepath": "predictions/class_i/aligned/omegafold/hla_a/hla_a_30_01_omg/hla_a_30_01_omg.pdb",
                    "alignment": {
                        "alignment_length": 368,
                        "rmsd": 2.119508771989319,
                        "rotation_matrix": [
                            0.4969092408558645,
                            0.12122549877056982,
                            0.8592936545790821,
                            -45.63397013622783,
                            -0.3853685559932629,
                            -0.8563796855679419,
                            0.3436639495178686,
                            41.70855172140443,
                            0.7775424634087296,
                            -0.501914547103767,
                            -0.37882648402917246,
                            61.114921258843445,
                            0.2673749937675878,
                            -0.6239728120904738,
                            0.03216847895300264,
                            1.0
                        ]
                    },
                    "ground_truth": "hla_a_30_01_6j1w.pdb",
                    "prediction": "hla_a_30_01_omg.pdb"
                }
            },
            "pdb_code": "6j1w"
        },
        "hla_a_30_03": {
            "methods": {
                "colabfold": {
                    "aligned_filepath": "predictions/class_i/aligned/colabfold/hla_a/hla_a_30_03_col/hla_a_30_03_col.pdb",
                    "alignment": {
                        "alignment_length": 368,
                        "rmsd": 1.15146120886686,
                        "rotation_matrix": [
                            0.8181345394356374,
                            0.27554779071828084,
                            0.504707133308726,
                            -45.64705160389771,
                            -0.36609256327554396,
                            0.9264421155301713,
                            0.08764269328541996,
                            41.659021719966226,
                            -0.44343219379830706,
                            -0.2564730426424091,
                            0.8588302905120231,
                            61.03514680655107,
                            -0.5321467154578345,
                            0.5188206283770394,
                            -0.03253260946265884,
                            1.0
                        ]
                    },
                    "ground_truth": "hla_a_30_03_6j2a.pdb",
                    "prediction": "hla_a_30_03_col.pdb"
                },
                "esmfold": {
                    "aligned_filepath": "predictions/class_i/aligned/esmfold/hla_a/hla_a_30_03_esm/hla_a_30_03_esm.pdb",
                    "alignment": {
                        "alignment_length": 368,
                        "rmsd": 0.7200716892688636,
                        "rotation_matrix": [
                            0.15602266488808594,
                            0.4943116089800725,
                            -0.8551683818224062,
                            -45.64705160389771,
                            -0.7872100052576968,
                            -0.46071449745229137,
                            -0.40992994457524107,
                            41.659021719966226,
                            -0.5966216017404984,
                            0.7371554687206867,
                            0.3172451406590615,
                            61.03514680655107,
                            -0.26945109450278293,
                            -0.008864134598180475,
                            0.15003531938418838,
                            1.0
                        ]
                    },
                    "ground_truth": "hla_a_30_03_6j2a.pdb",
                    "prediction": "hla_a_30_03_esm.pdb"
                },
                "omegafold": {
                    "aligned_filepath": "predictions/class_i/aligned/omegafold/hla_a/hla_a_30_03_omg/hla_a_30_03_omg.pdb",
                    "alignment": {
                        "alignment_length": 368,
                        "rmsd": 1.069632697514742,
                        "rotation_matrix": [
                            0.39009528088736795,
                            0.46671723818299427,
                            0.7937258288680319,
                            -45.64705160389771,
                            -0.3934685259215117,
                            -0.6948566575305494,
                            0.6019607500449062,
                            41.659021719966226,
                            0.8324711351984275,
                            -0.5471281797424726,
                            -0.08742175926581561,
                            61.03514680655107,
                            1.0146250015570093,
                            -0.2341548991234546,
                            0.3997744725936126,
                            1.0
                        ]
                    },
                    "ground_truth": "hla_a_30_03_6j2a.pdb",
                    "prediction": "hla_a_30_03_omg.pdb"
                }
            },
            "pdb_code": "6j2a"
        },
        "hla_a_68_01": {
            "methods": {
                "colabfold": {
                    "aligned_filepath": "predictions/class_i/aligned/colabfold/hla_a/hla_a_68_01_col/hla_a_68_01_col.pdb",
                    "alignment": {
                        "alignment_length": 368,
                        "rmsd": 1.1915411674782566,
                        "rotation_matrix": [
                            -0.7138769014403037,
                            -0.6489941439982259,
                            0.26303302196872735,
